16 30
011100000000000000000000000000
111111111100000000000000000000
111111111111100000000000000000
111111111111111000000000000000
111111111111111100000000000000
111111111111111111000000000000
111111111111111111100000000000
111111111111111111111000000000
111111111111111111111110000000
111111111111111111111111000000
111111111111111111111111110000
111111111111111111111111111000
111111111111111111111111111100
111111111111111111111111000000
111111111111111000000000000000
111111000000000000000000000000
